9.863987e+01 1.029197e+02
1.017984e+02 1.031804e+02
1.004187e+02 9.406019e+01
1.029919e+02 1.030975e+02
1.015366e+02 9.537842e+01
1.016272e+02 9.592635e+01
1.009487e+02 9.589013e+01
9.157680e+01 9.565579e+01
1.022441e+02 1.030657e+02
1.064974e+02 9.747984e+01
9.731881e+01 1.030300e+02
9.803149e+01 1.029656e+02
9.917913e+01 1.028108e+02
9.886907e+01 9.818273e+01
9.777665e+01 1.026228e+02
9.933914e+01 1.030561e+02
1.008487e+02 9.553648e+01
1.001334e+02 1.027144e+02
9.554827e+01 1.029874e+02
9.700434e+01 1.033571e+02
1.003714e+02 9.509071e+01
1.010995e+02 9.453902e+01
9.957752e+01 1.030933e+02
1.039577e+02 1.026526e+02
1.004618e+02 1.031339e+02
9.949324e+01 9.554212e+01
1.009841e+02 1.030202e+02
1.054488e+02 1.028352e+02
9.795983e+01 1.030917e+02
9.349772e+01 9.768056e+01
9.798200e+01 1.027528e+02
1.014372e+02 1.027885e+02
1.000325e+02 9.301932e+01
9.934226e+01 9.474658e+01
9.938062e+01 1.029679e+02
9.987286e+01 1.032554e+02
1.011825e+02 1.028272e+02
1.008104e+02 9.572546e+01
1.014255e+02 9.470868e+01
9.722468e+01 1.033749e+02
1.010463e+02 9.526545e+01
9.950769e+01 1.031579e+02
1.008202e+02 1.029728e+02
1.007926e+02 9.471453e+01
1.032833e+02 1.030313e+02
9.947310e+01 1.028761e+02
9.303237e+01 9.698780e+01
9.949161e+01 9.466285e+01
9.996565e+01 1.031927e+02
1.063790e+02 9.828069e+01
1.001687e+02 1.032172e+02
9.939939e+01 1.030298e+02
1.003785e+02 9.753756e+01
1.007579e+02 9.451853e+01
9.790865e+01 1.030109e+02
1.040902e+02 1.028550e+02
9.920847e+01 9.542919e+01
1.032830e+02 1.029219e+02
1.000817e+02 9.611384e+01
9.853976e+01 1.030579e+02
1.008379e+02 9.512837e+01
1.018628e+02 9.396607e+01
9.976369e+01 9.539579e+01
9.831256e+01 9.539525e+01
1.007692e+02 9.564578e+01
1.071123e+02 9.689576e+01
9.882962e+01 9.490068e+01
1.070767e+02 9.704863e+01
9.754521e+01 1.027064e+02
9.836553e+01 1.026249e+02
9.262734e+01 9.644115e+01
1.003215e+02 9.404079e+01
1.002420e+02 1.028000e+02
1.063547e+02 9.781405e+01
9.946770e+01 1.028617e+02
9.313524e+01 9.723956e+01
1.017157e+02 1.027452e+02
1.002755e+02 1.027231e+02
1.034419e+02 1.031983e+02
1.017134e+02 9.527355e+01
1.006571e+02 1.029559e+02
9.749192e+01 1.025996e+02
1.027084e+02 1.027775e+02
9.609908e+01 1.029345e+02
1.002202e+02 1.027739e+02
9.921419e+01 9.453780e+01
9.847162e+01 9.466004e+01
1.006411e+02 9.485267e+01
9.747315e+01 1.028973e+02
9.776680e+01 1.027408e+02
9.708672e+01 1.030507e+02
1.029936e+02 1.033523e+02
1.000372e+02 9.552818e+01
1.001969e+02 1.030889e+02
1.015733e+02 1.033102e+02
9.942842e+01 9.484869e+01
9.961907e+01 1.030095e+02
1.008174e+02 9.565776e+01
1.022017e+02 1.026757e+02
9.938773e+01 1.030517e+02
1.015699e+02 1.028366e+02
9.784472e+01 1.028939e+02
1.006281e+02 1.033012e+02
9.958013e+01 9.391550e+01
1.028059e+02 1.027066e+02
9.930577e+01 1.026584e+02
1.063295e+02 9.769839e+01
9.957645e+01 9.509046e+01
1.005435e+02 9.469131e+01
1.006356e+02 1.029539e+02
9.217023e+01 9.652079e+01
9.294406e+01 9.698355e+01
9.970059e+01 9.420935e+01
1.006928e+02 1.030548e+02
1.004764e+02 9.445458e+01
1.005291e+02 9.457785e+01
1.004691e+02 9.564526e+01
9.873903e+01 1.026925e+02
1.008852e+02 1.027716e+02
9.894964e+01 1.030367e+02
9.333674e+01 9.724632e+01
9.737382e+01 1.028797e+02
9.884633e+01 9.622056e+01
1.003146e+02 9.574795e+01
9.882976e+01 9.481257e+01
1.002625e+02 1.028171e+02
1.008385e+02 1.030643e+02
1.003961e+02 9.571699e+01
1.011626e+02 9.352845e+01
9.928486e+01 9.369665e+01
1.068938e+02 9.700376e+01
9.935877e+01 1.028039e+02
1.018732e+02 1.031187e+02
1.012503e+02 9.273804e+01
9.828946e+01 1.029733e+02
1.009453e+02 9.508915e+01
1.013436e+02 9.649031e+01
1.067886e+02 9.689891e+01
9.710380e+01 1.028236e+02
1.005047e+02 1.028312e+02
1.000640e+02 9.564887e+01
1.003752e+02 1.033350e+02
1.008633e+02 1.027491e+02
1.013307e+02 1.032796e+02
1.008290e+02 9.519484e+01
1.060704e+02 9.822799e+01
1.062946e+02 9.799196e+01
9.858477e+01 9.465044e+01
1.006795e+02 1.029229e+02
9.312773e+01 9.733495e+01
1.016724e+02 1.028610e+02
1.007501e+02 9.421830e+01
1.001896e+02 9.523266e+01
9.986026e+01 9.638085e+01
9.725447e+01 1.030555e+02
9.958907e+01 9.544243e+01
1.008018e+02 1.029609e+02
1.019762e+02 1.032777e+02
9.671987e+01 1.030451e+02
9.784634e+01 1.028927e+02
1.001833e+02 9.459293e+01
9.933944e+01 1.031926e+02
9.950599e+01 1.025026e+02
1.005423e+02 1.028678e+02
1.001963e+02 9.534587e+01
1.000775e+02 9.438130e+01
1.030068e+02 1.027037e+02
9.928184e+01 1.033793e+02
1.064393e+02 9.747962e+01
1.003607e+02 1.024260e+02
9.923548e+01 9.715673e+01
1.030217e+02 1.029212e+02
1.010077e+02 1.032305e+02
1.003314e+02 1.031532e+02
1.010538e+02 9.517544e+01
9.988616e+01 9.268471e+01
1.009509e+02 1.028390e+02
1.003843e+02 9.481295e+01
1.035352e+02 1.030702e+02
1.014931e+02 9.616854e+01
1.003141e+02 1.028988e+02
1.031899e+02 1.035878e+02
9.922769e+01 1.030508e+02
9.697102e+01 1.028186e+02
1.001160e+02 9.477125e+01
9.740030e+01 1.031771e+02
1.005175e+02 1.028123e+02
9.938236e+01 1.031512e+02
1.003674e+02 1.030935e+02
9.938027e+01 9.449974e+01
1.001136e+02 9.426990e+01
9.935555e+01 9.449835e+01
9.954936e+01 1.027913e+02
9.963888e+01 9.435397e+01
9.387510e+01 1.029637e+02
9.961486e+01 1.027847e+02
1.016611e+02 1.031761e+02
1.018401e+02 9.480852e+01
1.067551e+02 9.704965e+01
1.021554e+02 1.028620e+02
9.964161e+01 1.028799e+02
9.398058e+01 9.801524e+01
1.011936e+02 9.587888e+01
1.023642e+02 1.031296e+02
1.007263e+02 9.493326e+01
9.950127e+01 9.478753e+01
1.018077e+02 1.030674e+02
1.031652e+02 1.028995e+02
1.021848e+02 9.579600e+01
9.957929e+01 1.032273e+02
9.942332e+01 9.237702e+01
9.838070e+01 1.028124e+02
9.370545e+01 9.753812e+01
9.213231e+01 9.636532e+01
9.992266e+01 9.307637e+01
1.028970e+02 1.027352e+02
9.773582e+01 1.029297e+02
1.010098e+02 9.558114e+01
1.005953e+02 1.030259e+02
1.016512e+02 1.029160e+02
1.002846e+02 1.031568e+02
1.007468e+02 1.029135e+02
1.000527e+02 1.032982e+02
9.847379e+01 9.582472e+01
1.005133e+02 9.446426e+01
1.006863e+02 9.533647e+01
9.956844e+01 1.026539e+02
1.016027e+02 9.607430e+01
1.007134e+02 1.029322e+02
9.871967e+01 9.475128e+01
9.975414e+01 1.027981e+02
9.988013e+01 9.586226e+01
9.813981e+01 1.028344e+02
1.010269e+02 9.535038e+01
1.000511e+02 9.576281e+01
1.011004e+02 9.460758e+01
9.796124e+01 1.030481e+02
9.833432e+01 9.385900e+01
1.011403e+02 1.027950e+02
1.001714e+02 9.590950e+01
9.899162e+01 1.029310e+02
1.001349e+02 1.026013e+02
9.962257e+01 9.726724e+01
9.991265e+01 9.445639e+01
1.009522e+02 9.496179e+01
1.023872e+02 1.028974e+02
1.010008e+02 1.031862e+02
9.997268e+01 9.292836e+01
9.952827e+01 9.552335e+01
9.944658e+01 1.031841e+02
1.003399e+02 1.031845e+02
9.944632e+01 1.030194e+02
1.023241e+02 1.028979e+02
1.006490e+02 9.458842e+01
1.068176e+02 9.716085e+01
1.005019e+02 1.027791e+02
1.000790e+02 9.504726e+01
9.938826e+01 1.031655e+02
9.865205e+01 9.376209e+01
9.974693e+01 9.518169e+01
9.981473e+01 1.028898e+02
1.022582e+02 1.031054e+02
1.065012e+02 9.708934e+01
1.005611e+02 1.033317e+02
1.069451e+02 9.706317e+01
1.012232e+02 9.386208e+01
9.832556e+01 1.031994e+02
1.002004e+02 1.027279e+02
9.819524e+01 9.555188e+01
1.006053e+02 9.578989e+01
9.848058e+01 9.649281e+01
9.813284e+01 1.031939e+02
9.155713e+01 9.528036e+01
9.804249e+01 9.481508e+01
9.928852e+01 1.030501e+02
9.891567e+01 1.025078e+02
1.001119e+02 9.381717e+01
1.006951e+02 9.416160e+01
9.308597e+01 9.698141e+01
1.016541e+02 1.032517e+02
1.010890e+02 9.580941e+01
9.825688e+01 1.026342e+02
1.016632e+02 1.029206e+02
1.006035e+02 1.032741e+02
1.008395e+02 9.631883e+01
1.018503e+02 9.367936e+01
1.040835e+02 1.032001e+02
1.002262e+02 9.629831e+01
1.008710e+02 9.526766e+01
1.013034e+02 1.030212e+02
9.989184e+01 9.457550e+01
9.892560e+01 9.271648e+01
9.678713e+01 1.031012e+02
9.921727e+01 1.031787e+02
9.621244e+01 1.027603e+02
9.949517e+01 1.031571e+02
1.039109e+02 1.032991e+02
1.002259e+02 9.506567e+01
9.911358e+01 1.030384e+02
1.067823e+02 9.697517e+01
1.007124e+02 9.419455e+01
1.026652e+02 1.029988e+02
1.009332e+02 9.544615e+01
1.005656e+02 1.029614e+02
9.985749e+01 9.549938e+01
1.016348e+02 1.032013e+02
9.754126e+01 1.032581e+02
1.011197e+02 9.445892e+01
9.938554e+01 9.427657e+01
9.573012e+01 1.031890e+02
1.007652e+02 9.451486e+01
9.260631e+01 9.649544e+01
1.007746e+02 1.026527e+02
1.024025e+02 1.028081e+02
1.010087e+02 1.031216e+02
1.041297e+02 1.031958e+02
1.004241e+02 9.743327e+01
1.001364e+02 1.030463e+02
9.800581e+01 1.027747e+02
1.021567e+02 1.027017e+02
9.833554e+01 1.033300e+02
9.953756e+01 1.028792e+02
9.958308e+01 9.361855e+01
9.882323e+01 9.517130e+01
1.025641e+02 1.031018e+02
9.841341e+01 1.031004e+02
1.010113e+02 1.031280e+02
9.643928e+01 1.028404e+02
9.344122e+01 9.716507e+01
9.932708e+01 1.032225e+02
1.006378e+02 9.565714e+01
9.818518e+01 9.568623e+01
9.626278e+01 1.030431e+02
9.717191e+01 9.474731e+01
1.012382e+02 9.577843e+01
1.027510e+02 9.396951e+01
1.065878e+02 9.724157e+01
9.322339e+01 9.695531e+01
1.062180e+02 9.768968e+01
9.801193e+01 1.030879e+02
9.999590e+01 1.028408e+02
9.214389e+01 9.632570e+01
9.903527e+01 9.575530e+01
9.261020e+01 9.658971e+01
1.000683e+02 1.032309e+02
1.010550e+02 9.489376e+01
1.001545e+02 1.031118e+02
1.027398e+02 1.026976e+02
1.005749e+02 1.028332e+02
9.327516e+01 9.719759e+01
1.011605e+02 1.029663e+02
1.006337e+02 9.596272e+01
9.915705e+01 9.601800e+01
9.940042e+01 1.030466e+02
1.071767e+02 9.679370e+01
1.072852e+02 9.702764e+01
1.005011e+02 1.029988e+02
1.000916e+02 1.031945e+02
1.021765e+02 1.034123e+02
9.670404e+01 1.031771e+02
9.807636e+01 9.443114e+01
1.004004e+02 1.028914e+02
9.858739e+01 1.032292e+02
9.864484e+01 1.028656e+02
1.000054e+02 1.026734e+02
9.977586e+01 1.028430e+02
1.001054e+02 9.530670e+01
1.001358e+02 1.030985e+02
9.865556e+01 1.030985e+02
9.964643e+01 1.030407e+02
1.064173e+02 9.767105e+01
1.013245e+02 1.033886e+02
1.002670e+02 9.353700e+01
1.001095e+02 1.028828e+02
9.822321e+01 9.505549e+01
1.021478e+02 1.027922e+02
1.007890e+02 9.442434e+01
9.183141e+01 9.573936e+01
9.313382e+01 9.732563e+01
9.669748e+01 1.033950e+02
1.007064e+02 9.479626e+01
1.007242e+02 1.029261e+02
1.035432e+02 1.029570e+02
9.863635e+01 9.685612e+01
9.862282e+01 1.030257e+02
1.011570e+02 1.034487e+02
1.001944e+02 1.030410e+02
9.860027e+01 9.553750e+01
1.006949e+02 9.369186e+01
9.961710e+01 1.029006e+02
1.007322e+02 9.509740e+01
1.005096e+02 9.435296e+01
9.815570e+01 1.029063e+02
1.007523e+02 9.354345e+01
9.689176e+01 1.028462e+02
9.933346e+01 1.028105e+02
1.007613e+02 1.029648e+02
9.971861e+01 1.031226e+02
9.967751e+01 1.027016e+02
9.328263e+01 9.733141e+01
1.011180e+02 1.029736e+02
9.907876e+01 9.360059e+01
9.359284e+01 9.780594e+01
1.003523e+02 1.031559e+02
1.010796e+02 1.029467e+02
1.016467e+02 9.540229e+01
9.848624e+01 1.028829e+02
1.011097e+02 1.034234e+02
1.001827e+02 9.504328e+01
9.943976e+01 9.395747e+01
1.008766e+02 1.031359e+02
9.919375e+01 1.029870e+02
9.930294e+01 9.445875e+01
1.069459e+02 9.719076e+01
1.007219e+02 9.552239e+01
1.008205e+02 1.028714e+02
1.005928e+02 1.029635e+02
9.812229e+01 1.029755e+02
9.764027e+01 1.029990e+02
1.019994e+02 1.023837e+02
9.958862e+01 9.371904e+01
9.686459e+01 1.028362e+02
1.034107e+02 1.031838e+02
1.070624e+02 9.699580e+01
1.001837e+02 1.030103e+02
9.982965e+01 1.031209e+02
9.218350e+01 9.627281e+01
1.010023e+02 1.031194e+02
9.325665e+01 9.733675e+01
9.953503e+01 9.515875e+01
1.006687e+02 1.029117e+02
9.916697e+01 1.027663e+02
9.979227e+01 1.029742e+02
9.953299e+01 1.031082e+02
9.988925e+01 1.033048e+02
9.988133e+01 1.029418e+02
9.256200e+01 9.653789e+01
1.002062e+02 9.418847e+01
9.868097e+01 1.028130e+02
1.066609e+02 9.718262e+01
1.022292e+02 9.499250e+01
1.073262e+02 9.683902e+01
1.015197e+02 1.028190e+02
1.012189e+02 1.029362e+02
9.921447e+01 1.030900e+02
1.046115e+02 1.026651e+02
1.004288e+02 9.405538e+01
1.062631e+02 9.746697e+01
9.956065e+01 1.027171e+02
1.001755e+02 1.030253e+02
1.015033e+02 9.434816e+01
9.916127e+01 9.420690e+01
9.843909e+01 9.345619e+01
1.063188e+02 9.740318e+01
1.015738e+02 1.028010e+02
9.983849e+01 1.027950e+02
1.071466e+02 9.674564e+01
9.807289e+01 9.362326e+01
1.069380e+02 9.732244e+01
9.792424e+01 1.033073e+02
9.899875e+01 1.026229e+02
1.000992e+02 1.029108e+02
1.000020e+02 9.510974e+01
9.761086e+01 1.026339e+02
9.334508e+01 9.735212e+01
9.619177e+01 1.027456e+02
9.957284e+01 1.027895e+02
9.795187e+01 1.027442e+02
1.018294e+02 1.028109e+02
9.863419e+01 9.545072e+01
9.428241e+01 9.801863e+01
9.954090e+01 1.029959e+02
1.012848e+02 9.631168e+01
9.916826e+01 1.027844e+02
9.936174e+01 1.030462e+02
9.779393e+01 1.023541e+02
1.008480e+02 9.560338e+01
1.024949e+02 1.028203e+02
1.008747e+02 1.030963e+02
1.065361e+02 9.741214e+01
9.953875e+01 9.431125e+01
1.008826e+02 1.028363e+02
1.010079e+02 9.401468e+01
9.964149e+01 1.030751e+02
9.991602e+01 1.028899e+02
1.025861e+02 1.026260e+02
1.007322e+02 1.028904e+02
1.018678e+02 9.578876e+01
1.010070e+02 9.439171e+01
9.878914e+01 1.032287e+02
1.021886e+02 1.031468e+02
9.804659e+01 1.033363e+02
1.028861e+02 1.034315e+02
9.276376e+01 9.678178e+01
1.013163e+02 1.026567e+02
9.759974e+01 9.461686e+01
9.860193e+01 9.506595e+01
1.023974e+02 1.029744e+02
1.002372e+02 1.028894e+02
9.950523e+01 9.461771e+01
1.068211e+02 9.725777e+01
9.930245e+01 9.477845e+01
9.869218e+01 1.032327e+02
9.863053e+01 1.029797e+02
9.988782e+01 9.470379e+01
9.268887e+01 9.657551e+01
9.970610e+01 1.031393e+02
9.964105e+01 1.030235e+02
1.013210e+02 1.030046e+02
9.893174e+01 9.603474e+01
9.809009e+01 9.477126e+01
1.065921e+02 9.774522e+01
1.005227e+02 1.027043e+02
1.010596e+02 1.024760e+02
9.976607e+01 9.508978e+01
1.004347e+02 1.032104e+02
9.999888e+01 9.420512e+01
1.026306e+02 1.031030e+02
1.013509e+02 1.028500e+02
1.004421e+02 9.427074e+01
1.002743e+02 1.033159e+02
1.001868e+02 9.602624e+01
9.885492e+01 9.553355e+01
1.084100e+02 9.531413e+01
1.064963e+02 9.760825e+01
1.016244e+02 1.030660e+02
9.291840e+01 9.706798e+01
1.022257e+02 1.031621e+02
9.966075e+01 1.029806e+02
9.926964e+01 9.272843e+01
9.977722e+01 1.029397e+02
9.774216e+01 1.028916e+02
9.775633e+01 1.026781e+02
9.925049e+01 9.398601e+01
1.002354e+02 1.028003e+02
1.039056e+02 1.028312e+02
9.955253e+01 1.030127e+02
1.071279e+02 9.703643e+01
1.008026e+02 1.031776e+02
9.184600e+01 9.581029e+01
1.000705e+02 9.230650e+01
1.002502e+02 1.026334e+02
9.916577e+01 9.556003e+01
1.033424e+02 1.030530e+02
9.940069e+01 1.030108e+02
1.002904e+02 1.032269e+02
1.001944e+02 1.030413e+02
9.993829e+01 1.030266e+02
9.933478e+01 9.413738e+01
9.920215e+01 1.029702e+02
9.864251e+01 1.032615e+02
1.080841e+02 9.557764e+01
9.746431e+01 1.031976e+02
1.013443e+02 9.580454e+01
9.749263e+01 1.033692e+02
9.915186e+01 1.025201e+02
9.884154e+01 1.034719e+02
9.913963e+01 1.028481e+02
9.875489e+01 1.029018e+02
1.000638e+02 9.433792e+01
9.850977e+01 1.030239e+02
1.009985e+02 1.028243e+02
1.016059e+02 1.033798e+02
1.018431e+02 1.031592e+02
9.354836e+01 9.737682e+01
9.900235e+01 1.029328e+02
9.998798e+01 9.370746e+01
9.169316e+01 9.571070e+01
9.286267e+01 9.700158e+01
9.787150e+01 9.565447e+01
9.849647e+01 9.431796e+01
1.033523e+02 1.033866e+02
9.941560e+01 1.032651e+02
9.942766e+01 9.382701e+01
9.999529e+01 9.630230e+01
1.004180e+02 1.033064e+02
9.933408e+01 1.032284e+02
9.841629e+01 1.028909e+02
9.858669e+01 9.373691e+01
1.008208e+02 1.034030e+02
1.063194e+02 9.781127e+01
1.018440e+02 9.542270e+01
1.070396e+02 9.690393e+01
1.032405e+02 1.031480e+02
1.007378e+02 9.367701e+01
1.073671e+02 9.681984e+01
9.879010e+01 1.033962e+02
9.962957e+01 1.027025e+02
1.005888e+02 9.658250e+01
1.002568e+02 1.027414e+02
9.944261e+01 9.648675e+01
1.011119e+02 9.459853e+01
9.850871e+01 1.030597e+02
9.747065e+01 1.032559e+02
1.005784e+02 1.027505e+02
1.001127e+02 1.032680e+02
9.852830e+01 1.032630e+02
1.069373e+02 9.711955e+01
9.835082e+01 9.669888e+01
9.861566e+01 1.029229e+02
9.888281e+01 9.462519e+01
9.880061e+01 1.036640e+02
1.020011e+02 1.030184e+02
1.013903e+02 9.514468e+01
1.017414e+02 1.032694e+02
1.006639e+02 1.035035e+02
9.882937e+01 1.030530e+02
1.005999e+02 1.031816e+02
1.016231e+02 9.434302e+01
1.040266e+02 1.032254e+02
1.019454e+02 1.027513e+02
1.003772e+02 1.031196e+02
9.113061e+01 9.484313e+01
1.001601e+02 9.506183e+01
9.996917e+01 1.033780e+02
9.976154e+01 1.028731e+02
1.010322e+02 1.028554e+02
9.917014e+01 9.519332e+01
9.956001e+01 1.029508e+02
1.023679e+02 1.030962e+02
1.006740e+02 1.033249e+02
1.001011e+02 1.028732e+02
9.848503e+01 1.033467e+02
1.075340e+02 9.672669e+01
1.013466e+02 1.029662e+02
1.063326e+02 9.760807e+01
1.028538e+02 1.026554e+02
9.887532e+01 9.382788e+01
9.958442e+01 9.343923e+01
1.015975e+02 1.030203e+02
9.964980e+01 1.029576e+02
1.013034e+02 1.033544e+02
1.002192e+02 9.553280e+01
1.003294e+02 9.435312e+01
1.014366e+02 9.485330e+01
9.973102e+01 9.256642e+01
1.082606e+02 9.564280e+01
1.005169e+02 1.028713e+02
9.792664e+01 9.348064e+01
9.918898e+01 1.032409e+02
9.887626e+01 9.671473e+01
9.851511e+01 9.475722e+01
1.072089e+02 9.659279e+01
9.378426e+01 9.792199e+01
9.872946e+01 1.028155e+02
9.590980e+01 1.031416e+02
1.018494e+02 1.030114e+02
9.845382e+01 1.029909e+02
1.002128e+02 9.404979e+01
9.894538e+01 1.031382e+02
9.980456e+01 1.033637e+02
9.968036e+01 1.028343e+02
9.829997e+01 1.033529e+02
1.002037e+02 1.032888e+02
9.987961e+01 9.548178e+01
1.003380e+02 9.449437e+01
9.782414e+01 9.500197e+01
9.877828e+01 1.031108e+02
1.005439e+02 9.434241e+01
9.957516e+01 1.028271e+02
1.001651e+02 9.458026e+01
9.939792e+01 9.653301e+01
1.001378e+02 1.033348e+02
1.020386e+02 1.030719e+02
9.772393e+01 1.033057e+02
1.073441e+02 9.657418e+01
9.926998e+01 9.517630e+01
9.250826e+01 9.675856e+01
1.003438e+02 9.512198e+01
1.007283e+02 9.612503e+01
1.007897e+02 9.331717e+01
1.014300e+02 1.030716e+02
1.016171e+02 1.031524e+02
1.060957e+02 9.791840e+01
1.005221e+02 1.029340e+02
9.753803e+01 1.034455e+02
1.009387e+02 1.032396e+02
1.015777e+02 9.575075e+01
9.995928e+01 1.029287e+02
1.003956e+02 1.032209e+02
9.343121e+01 9.769509e+01
1.015294e+02 1.027897e+02
1.003778e+02 1.031589e+02
1.020257e+02 1.032664e+02
9.799006e+01 1.031900e+02
9.945986e+01 9.476596e+01
1.014126e+02 1.028963e+02
1.002068e+02 1.029043e+02
9.910764e+01 1.033476e+02
1.005836e+02 1.028904e+02
9.817488e+01 9.610181e+01
1.001238e+02 9.523400e+01
9.999805e+01 9.467809e+01
1.029860e+02 1.035845e+02
1.017725e+02 1.024899e+02
1.071607e+02 9.728149e+01
1.003336e+02 9.460006e+01
9.860488e+01 9.508670e+01
1.027030e+02 1.031742e+02
1.015210e+02 9.526619e+01
1.005110e+02 1.026939e+02
9.928251e+01 1.032771e+02
1.060059e+02 9.798231e+01
9.885187e+01 1.026306e+02
1.008913e+02 1.025075e+02
9.967973e+01 1.031805e+02
9.921460e+01 9.516813e+01
1.009211e+02 1.032668e+02
9.912689e+01 1.030690e+02
9.782097e+01 1.026944e+02
9.220101e+01 9.593065e+01
1.005733e+02 1.028911e+02
1.006735e+02 1.031428e+02
1.061002e+02 9.775637e+01
1.006790e+02 9.474967e+01
1.044040e+02 1.032105e+02
1.000521e+02 1.027487e+02
9.885220e+01 9.463940e+01
1.068985e+02 9.709410e+01
1.005710e+02 9.452123e+01
9.904124e+01 9.537871e+01
9.965107e+01 1.031540e+02
1.002453e+02 1.028899e+02
9.844369e+01 1.031236e+02
9.870049e+01 9.398510e+01
9.939314e+01 1.031894e+02
1.007268e+02 9.489692e+01
1.046182e+02 1.031778e+02
9.893704e+01 1.029017e+02
9.988136e+01 1.033829e+02
1.000213e+02 1.029914e+02
9.938754e+01 9.562631e+01
9.867847e+01 1.030763e+02
9.760205e+01 1.028462e+02
1.010731e+02 9.572903e+01
1.006605e+02 9.692235e+01
9.916614e+01 9.359744e+01
1.014004e+02 9.561975e+01
9.787931e+01 1.028365e+02
9.910033e+01 9.481175e+01
1.007483e+02 9.548853e+01
9.805702e+01 1.030431e+02
9.719903e+01 1.031537e+02
9.739291e+01 1.028565e+02
9.726413e+01 1.033634e+02
1.047788e+02 1.030488e+02
9.330558e+01 9.737503e+01
1.011115e+02 1.029936e+02
9.324540e+01 9.713590e+01
1.006478e+02 1.029204e+02
9.905898e+01 9.652781e+01
1.004216e+02 1.030155e+02
9.842327e+01 1.032534e+02
1.005019e+02 1.032183e+02
1.002593e+02 9.408506e+01
9.968897e+01 9.505500e+01
9.884517e+01 9.480919e+01
1.070057e+02 9.686956e+01
9.757502e+01 1.028569e+02
9.944230e+01 9.547680e+01
9.587051e+01 1.033854e+02
1.025116e+02 1.029462e+02
9.445651e+01 1.033249e+02
9.724215e+01 1.030752e+02
9.969131e+01 1.031833e+02
1.015744e+02 1.028361e+02
9.911761e+01 1.025673e+02
9.905107e+01 1.030015e+02
9.301483e+01 9.685519e+01
1.003694e+02 9.520088e+01
1.002762e+02 1.025743e+02
1.000637e+02 1.030421e+02
9.878017e+01 9.451499e+01
9.343527e+01 9.733527e+01
1.017819e+02 1.031918e+02
9.870631e+01 9.418151e+01
1.070138e+02 9.693904e+01
9.291617e+01 9.672446e+01
9.643249e+01 1.030127e+02
9.894442e+01 1.031778e+02
1.003209e+02 1.033039e+02
9.760240e+01 1.032767e+02
9.171983e+01 9.594646e+01
9.929537e+01 9.472375e+01
1.007739e+02 1.026252e+02
9.942028e+01 1.024992e+02
1.032499e+02 1.035365e+02
1.010415e+02 1.034838e+02
9.825531e+01 1.030326e+02
1.011243e+02 1.027266e+02
1.021495e+02 1.025489e+02
1.027457e+02 9.527076e+01
9.652055e+01 1.030243e+02
1.022097e+02 1.027701e+02
9.660958e+01 1.027021e+02
1.002534e+02 9.332422e+01
9.864012e+01 9.469488e+01
1.005435e+02 9.403462e+01
1.001181e+02 9.568007e+01
9.862151e+01 1.029372e+02
1.030399e+02 1.027858e+02
9.967060e+01 1.031279e+02
1.037425e+02 1.030934e+02
1.005757e+02 1.030890e+02
1.020237e+02 1.029176e+02
1.002016e+02 1.032470e+02
1.001009e+02 9.523907e+01
1.055302e+02 1.031219e+02
9.260771e+01 9.676275e+01
1.010187e+02 1.031440e+02
9.937168e+01 1.031247e+02
9.894764e+01 1.029437e+02
1.005848e+02 1.028588e+02
1.003142e+02 1.031409e+02
1.007753e+02 1.030239e+02
9.958538e+01 9.523975e+01
1.013491e+02 9.634915e+01
1.070637e+02 9.699369e+01
1.003913e+02 1.031189e+02
1.003357e+02 1.029780e+02
9.983584e+01 1.034093e+02
1.004839e+02 1.032384e+02
1.069387e+02 9.711567e+01
1.032498e+02 1.032125e+02
9.816122e+01 1.029952e+02
9.934101e+01 1.032290e+02
1.001082e+02 1.030467e+02
9.997743e+01 1.029415e+02
9.992577e+01 9.523535e+01
1.003680e+02 1.029931e+02
9.934819e+01 9.498219e+01
1.004070e+02 1.033966e+02
9.908618e+01 9.579669e+01
9.850117e+01 1.026634e+02
1.009193e+02 1.031556e+02
9.282555e+01 9.689448e+01
9.998958e+01 1.030004e+02
9.794635e+01 1.032516e+02
1.000387e+02 9.381777e+01
1.009637e+02 9.376300e+01
1.001957e+02 1.029745e+02
1.026924e+02 1.032567e+02
9.916032e+01 1.027628e+02
9.962327e+01 1.028723e+02
9.762387e+01 1.027539e+02
9.998929e+01 1.029198e+02
9.831808e+01 1.027539e+02
9.969579e+01 1.031294e+02
1.005644e+02 1.028336e+02
9.257098e+01 9.678499e+01
1.013731e+02 9.535571e+01
1.001208e+02 1.029850e+02
1.004793e+02 9.629211e+01
1.001909e+02 9.494154e+01
9.443394e+01 9.821791e+01
1.000159e+02 1.027786e+02
9.932596e+01 1.029679e+02
1.026719e+02 1.030663e+02
9.827908e+01 1.029322e+02
1.066966e+02 9.742306e+01
9.770918e+01 1.028392e+02
1.012528e+02 1.029149e+02
9.978240e+01 1.030708e+02
9.919188e+01 9.628451e+01
9.847911e+01 1.028451e+02
9.229042e+01 9.626720e+01
1.074886e+02 9.653487e+01
9.262194e+01 9.670666e+01
9.838506e+01 1.030967e+02
9.982886e+01 1.026878e+02
1.007612e+02 9.414919e+01
9.855487e+01 1.029697e+02
1.011017e+02 1.028188e+02
1.005075e+02 1.031488e+02
1.008747e+02 1.027579e+02
1.004849e+02 1.027751e+02
9.911519e+01 1.027848e+02
1.004868e+02 9.522866e+01
9.641750e+01 1.030112e+02
1.010214e+02 1.030696e+02
9.737478e+01 1.026328e+02
9.912639e+01 9.424808e+01
1.008836e+02 9.436550e+01
1.014413e+02 1.029718e+02
1.011949e+02 1.026898e+02
9.839067e+01 1.029236e+02
1.064932e+02 9.727782e+01
1.012236e+02 1.028712e+02
9.950757e+01 1.027168e+02
9.820398e+01 1.030531e+02
9.929222e+01 1.026690e+02
9.329895e+01 9.720252e+01
1.005174e+02 1.028448e+02
1.023835e+02 1.027379e+02
1.008605e+02 1.033106e+02
1.005388e+02 9.311735e+01
1.070297e+02 9.690161e+01
9.914822e+01 1.028943e+02
1.038173e+02 1.032733e+02
9.976467e+01 1.029922e+02
9.999491e+01 9.486868e+01
9.754950e+01 1.031236e+02
9.954013e+01 1.027866e+02
9.712795e+01 1.032024e+02
9.991691e+01 9.559193e+01
9.774681e+01 9.451515e+01
1.014715e+02 9.535933e+01
9.994094e+01 1.030203e+02
1.002610e+02 1.027293e+02
9.941004e+01 9.499052e+01
1.005227e+02 9.478653e+01
1.025016e+02 1.029689e+02
9.793578e+01 1.028980e+02
1.076816e+02 9.630308e+01
1.013063e+02 1.030137e+02
9.836728e+01 1.032961e+02
1.010893e+02 1.030758e+02
1.014382e+02 1.029928e+02
1.010055e+02 1.028018e+02
1.000320e+02 9.633722e+01
1.056891e+02 9.831120e+01
9.847029e+01 9.578107e+01
1.032086e+02 1.030164e+02
9.143021e+01 9.544980e+01
1.010631e+02 1.032235e+02
1.018185e+02 1.027887e+02
9.984346e+01 9.476069e+01
9.711700e+01 1.032870e+02
9.981978e+01 1.033436e+02
9.939642e+01 9.451869e+01
1.002151e+02 9.436852e+01
9.938556e+01 1.034338e+02
9.874509e+01 9.456695e+01
1.012299e+02 1.028329e+02
9.167320e+01 9.597897e+01
1.005125e+02 1.030283e+02
1.019325e+02 1.028931e+02
9.190502e+01 9.568648e+01
1.030786e+02 1.024409e+02
1.014553e+02 1.030242e+02
1.004071e+02 1.031976e+02
1.023334e+02 1.032382e+02
9.936927e+01 9.569169e+01
1.002944e+02 9.602445e+01
1.007068e+02 9.206408e+01
9.998195e+01 9.440523e+01
9.929757e+01 1.032990e+02
1.016955e+02 1.032179e+02
9.733241e+01 1.025940e+02
1.010420e+02 1.030298e+02
1.006586e+02 9.330491e+01
1.011967e+02 1.033213e+02
9.784079e+01 1.029295e+02
1.014855e+02 1.030270e+02
1.020427e+02 1.031022e+02
9.916043e+01 9.745669e+01
1.008742e+02 1.031741e+02
1.004030e+02 1.031754e+02
9.963801e+01 9.507847e+01
1.008003e+02 1.032547e+02
1.027682e+02 1.030574e+02
1.068855e+02 9.728633e+01
9.824392e+01 9.469334e+01
9.794817e+01 9.536778e+01
9.973394e+01 9.549866e+01
1.024811e+02 9.585608e+01
1.011006e+02 1.027614e+02
9.886239e+01 1.031329e+02
9.978408e+01 9.640228e+01
1.009492e+02 1.030324e+02
1.010915e+02 1.025551e+02
9.911131e+01 1.029387e+02
1.011404e+02 1.028961e+02
9.832488e+01 9.551712e+01
1.001608e+02 1.028302e+02
1.004034e+02 9.437065e+01
9.767033e+01 1.029391e+02
9.825487e+01 1.030455e+02
9.947636e+01 1.027624e+02
1.003214e+02 1.030494e+02
9.870122e+01 1.030269e+02
9.745830e+01 1.028386e+02
1.001662e+02 9.372863e+01
9.890715e+01 1.024983e+02
9.858856e+01 1.028854e+02
1.073788e+02 9.662323e+01
9.711253e+01 1.027917e+02
1.076396e+02 9.651955e+01
9.951819e+01 1.028379e+02
1.004639e+02 9.568350e+01
1.002675e+02 1.031042e+02
1.004519e+02 9.333670e+01
1.011463e+02 1.029520e+02
1.068867e+02 9.693541e+01
1.006620e+02 9.513094e+01
9.787995e+01 1.029403e+02
9.900878e+01 1.027151e+02
9.811784e+01 1.033549e+02
9.876052e+01 1.032827e+02
9.851182e+01 1.028640e+02
1.066552e+02 9.715533e+01
1.008877e+02 1.030386e+02
9.908435e+01 1.029511e+02
9.691832e+01 1.035485e+02
1.036799e+02 1.028319e+02
1.000659e+02 9.501148e+01
9.962781e+01 9.530006e+01
1.011932e+02 1.031063e+02
1.002146e+02 1.028935e+02
1.060721e+02 9.779387e+01
1.005062e+02 1.031353e+02
1.013867e+02 9.490953e+01
9.853322e+01 1.035028e+02
1.003511e+02 9.335571e+01
9.937098e+01 9.681475e+01
1.014150e+02 1.031727e+02
9.333016e+01 9.708779e+01
1.001905e+02 1.030462e+02
9.982423e+01 9.401193e+01
9.872602e+01 1.029361e+02
1.024380e+02 1.030028e+02
9.814852e+01 1.028769e+02
9.811082e+01 1.029434e+02
9.946008e+01 9.578198e+01
9.284663e+01 9.685345e+01
9.456978e+01 9.841671e+01
1.000493e+02 1.029594e+02
1.030675e+02 1.029006e+02
1.005495e+02 1.032772e+02
1.013563e+02 1.026124e+02
1.015917e+02 1.030617e+02
9.961406e+01 9.424729e+01
1.067268e+02 9.725038e+01
1.005498e+02 9.494041e+01
9.961895e+01 9.623020e+01
1.001950e+02 9.488507e+01
1.005864e+02 1.029726e+02
1.016690e+02 9.504447e+01
1.005944e+02 1.028950e+02
9.764988e+01 9.431379e+01
9.761246e+01 1.032932e+02
1.076883e+02 9.637901e+01
9.862535e+01 1.026727e+02
9.250997e+01 9.632094e+01
1.025638e+02 9.646114e+01
1.005659e+02 1.029215e+02
1.013200e+02 1.032738e+02
1.002391e+02 1.032999e+02
1.076043e+02 9.642275e+01
9.294335e+01 9.670867e+01
9.808122e+01 9.561944e+01
1.012301e+02 9.556097e+01
9.976702e+01 1.033725e+02
1.019262e+02 1.027865e+02
1.071266e+02 9.685051e+01
9.724759e+01 1.029522e+02
9.887300e+01 1.031779e+02
1.025406e+02 1.031869e+02
9.840218e+01 9.539275e+01
9.918867e+01 1.029120e+02
9.925302e+01 1.025906e+02
1.000049e+02 1.027744e+02
9.300227e+01 9.730815e+01
9.937401e+01 1.031224e+02
1.004851e+02 1.028271e+02
1.018574e+02 1.032520e+02
1.005553e+02 9.347651e+01
9.964144e+01 1.025860e+02
9.652357e+01 1.029474e+02
1.028744e+02 1.027344e+02
9.715556e+01 1.032177e+02
9.912986e+01 9.445054e+01
1.013780e+02 1.027992e+02
9.867226e+01 1.030822e+02
1.026251e+02 1.031042e+02
9.203669e+01 9.589328e+01
9.994607e+01 1.031822e+02
1.006892e+02 9.757441e+01
1.010496e+02 9.541127e+01
9.929695e+01 1.027526e+02
1.025592e+02 1.031438e+02
9.833776e+01 1.032216e+02
9.937569e+01 1.029471e+02
9.845158e+01 1.034235e+02
9.839640e+01 9.416594e+01
1.015143e+02 1.022906e+02
9.936714e+01 9.538278e+01
9.805098e+01 1.034482e+02
1.073283e+02 9.663964e+01
9.803704e+01 1.033383e+02
9.850313e+01 1.036645e+02
1.015852e+02 9.359970e+01
9.886892e+01 1.027624e+02
1.016155e+02 1.034337e+02
9.686050e+01 1.031380e+02
1.018026e+02 1.026450e+02
9.942885e+01 1.029915e+02
1.024494e+02 1.033971e+02
9.896800e+01 1.029115e+02
9.872143e+01 1.034460e+02
1.000588e+02 1.029826e+02
1.068974e+02 9.694922e+01
1.001809e+02 1.031276e+02
9.888463e+01 1.031304e+02
1.014070e+02 1.028707e+02
1.004782e+02 9.497903e+01
9.873251e+01 1.030062e+02
1.028115e+02 1.029391e+02
9.339330e+01 9.715666e+01
1.006154e+02 1.033072e+02
1.009533e+02 1.032466e+02
